194303
283433
507510
656543
229640
588396
378560
559787
740642
273624
31377
676154
22818
925877
285051
605401
161950
256998
412907
438323
277643
674017
724601
560383
260396
62021
524848
106638
66564
277402
351079
777219
560835
374942
433762
306827
479690
328674
866614
220332
118651
414343
896486
141469
340220
697889
746870
18522
471240
159777
456846
748883
350146
697799
309267
610542
276172
350467
233532
342736
627870
100964
636308
705057
475906
70070
11885
955596
915097
394851
175929
33748
809195
588767
691569
665767
803009
438439
200642
274249
114568
173840
539484
464714
871639
365103
591609
147811
715571
341493
6900
859793
442457
643208
81202
918363
229630
93087
390312
144727
4291
566241
694827
329838
671360
386396
511957
990721
824835
712599
781322
455755
886439
320807
436822
274430
685910
544783
422242
917833
886276
429142
293978
328734
72350
375181
247097
818332
984620
637409
963060
505263
720002
657887
835101
907715
44284
863411
898436
385471
92362
196111
357579
978802
516918
794401
253232
719180
339184
191826
153366
741812
620968
447344
70546
209670
822525
833996
544355
323498
987757
507415
828761
224112
681654
663863
648179
725938
43626
62967
627762
135988
259078
985341
631142
775996
296094
400727
11529
151630
592553
164895
893442
729874
612239
480341
455896
951117
830689
251
274615
334798
24018
103376
558910
705673
283591
207089
947963
327217
786409
575725
979558
45487
77418
610700
337836
889864
11427
349365
41494
120333
514260
451289
850207
642851
447982
306103
593968
795023
822707
384935
129821
846725
488312
205084
552398
288255
928525
500362
131825
714934
592439
111383
760422
669858
238435
98258
559722
249863
963975
117569
370196
478235
85210
736755
637438
49544
42858
231407
844567
865565
132694
490740
228643
137358
695824
781041
425614
624350
281403
73791
339284
873843
185174
99706
60053
423609
714316
136127
189824
678291
770048
76372
672878
371610
813127
310317
421154
372338
58076
782073
754255
190770
272814
982898
844481
968638
763940
270095
592988
561695
860238
932273
951890
45412
548331
11943
985373
262648
664423
691550
457291
434471
767922
130170
806082
581050
956839
743588
469740
531267
525662
223995
722037
798476
206894
566518
283466
487186
352965
876455
48881
213203
325080
772
774967
389763
529067
276693
652411
193490
968243
626055
144314
252517
272577
466748
349919
229416
210336
819659
760683
735998
43655
999072
50826
250549
81943
850645
254087
951260
243452
302968
680816
568532
820092
972135
958295
865512
248828
127059
575354
733423
269466
719668
985941
542043
186416
335860
287811
913105
155520
564846
165455
715527
563918
732634
482428
162213
583279
736515
113474
826731
39483
310642
911615
375928
282777
869910
241440
531606
513321
333146
265029
782787
52815
767322
841182
755583
103183
128993
185040
775055
693839
350496
490582
774110
83130
973010
936323
182761
709525
566149
9492
265360
876791
921107
157640
675921
307369
915432
723879
820691
248579
988908
119830
817746
272583
961013
573329
892118
90006
758370
667173
300198
625218
674107
74308
224700
647117
526983
407461
872994
609485
416953
654706
486276
854412
328699
678549
678133
244131
402428
15176
492710
907689
135007
310456
180272
96020
400138
72390
702378
158508
255915
518928
300078
930022
593236
524778
93491
636572
932239
482837
246057
865544
137543
248685
236308
466242
927235
914441
710374
329663
929618
719436
753704
580977
29893
933976
193349
430031
522718
895727
104891
778633
931008
404969
708655
40596
446099
802146
677168
894690
801335
923225
276586
938879
171911
512894
921473
615498
943687
148199
461513
873305
867636
215218
454282
897529
665546
647631
843912
188265
59711
948803
966898
507071
870124
191906
547667
316223
510404
224836
727265
311740
148061
3851
766971
836324
516745
688444
968174
460432
352996
429688
850090
736984
644906
820724
150865
310452
984708
994777
15069
560771
459932
981968
67842
330056
690226
615509
162631
200630
840345
889896
28722
504759
893747
795693
857435
926844
490
825610
903628
869838
255298
270070
606822
416556
90795
757687
243360
591855
752464
258430
152626
212396
756750
736820
58804
446976
352329
221435
163958
709027
111331
709033
730138
521430
504726
103925
448274
21568
445887
868254
891406
701185
138325
498228
634093
229120
255915
877454
337327
524731
652236
6305
737127
408986
743125
795931
372314
611806
533718
536272
837185
645049
761657
567323
682831
266384
187601
131105
804304
633488
999360
695711
851026
654037
710291
485119
883157
966207
878925
736836
7290
531161
743141
260770
940147
486266
573053
312461
98072
106772
365086
935258
268173
126743
18933
951005
909479
722886
598462
230136
356375
114174
925847
207401
768211
152490
208872
167720
635049
87798
904556
642340
618959
647697
903110
75459
650315
476163
904272
264740
99287
785710
716350
367461
428806
251635
834818
854637
974522
949632
84773
330897
63807
526972
54650
832018
679463
263522
516091
314512
351320
420647
956852
486632
584697
376314
562091
235012
368830
982715
16104
468117
768426
732454
351930
197232
984090
703100
51869
958612
652733
652995
805861
716540
179967
860511
64910
859430
124033
581001
173943
475354
518001
647147
478338
619050
23462
40429
370414
908644
539496
386519
376761
307922
118973
245044
21506
619415
948144
589728
578027
117229
242723
383888
350121
422690
244399
415032
798473
884785
512385
488768
360139
546738
135915
354829
165788
675729
911610
52555
584373
451106
439074
477487
759029
74399
722531
780535
693815
187027
370263
788194
304257
129338
688435
654378
552029
449186
585762
866854
333971
98148
355622
210462
161238
491537
565291
843379
683619
476901
895934
267992
928008
851360
745479
687037
925759
984362
983924
135926
171390
870540
924121
475647
999878
612556
646377
68259
61742
232140
451465
912066
846640
807087
122528
7878
814977
687820
367609
498596
164721
263543
766588
609081
631255
28420
812470
557015
12782
796395
692941
184172
183287
133414
176171
699517
262322
822549
284129
840417
571041
735594
752483
417681
59034
875011
941911
874011
79183
309521
372607
243905
89416
655547
369338
720672
200319
181809
277687
213102
494556
486980
913626
677843
136747
606150
893712
915421
428699
177841
755838
999740
429788
24673
933773
488822
416037
875684
362833
495220
701557
251792
255477
790974
423691
624816
511646
624011
806625
305685
837113
301181
309017
267091
495376
962116
873241
389088
877538
818292
83282
149728
334384
513070
174402
268157
1892
590439
660194
881077
85659
361751
132869
857489
152725
556560
482305
180723
696923
805282
486408
534036
106463
311778
801128
118191
273894
190721
507279
667784
9014
590561
817513
343398
619983
991915
611556
138227
98706
788102
19304
700717
149853
668525
558206
302579
741438
556863
999654
438361
362145
2415
488750
984960
314193
806230
103151
104439
996951
610431
772224
5965
717344
589737
865716
853680
98004
993624
991907
196710
781726
11212
897427
931579
196089
971986
750510
937527
528849
750165
892241
890995
268932
